DATASTRUCTURE N START END SCORE WORDS_FOUND PRECISION
TRIE 2 0 184011000000 1 1 10000000000
TRIE 2 184011000000 188011000000 3 3 10000000000
TRIE 2 188011000000 188011000000 4 4 10000000000
TRIE 3 188011000000 192011000000 0 0 10000000000
TRIE 3 192011000000 192011000000 0 0 10000000000
TRIE 3 192011000000 196011000000 32 29 10000000000
TRIE 4 196011000000 204012000000 19 19 10000000000
TRIE 4 204012000000 204012000000 8 8 10000000000
TRIE 4 204012000000 208012000000 8 8 10000000000
TRIE 5 208012000000 220013000000 102 84 10000000000
TRIE 5 220013000000 228013000000 74 60 10000000000
TRIE 5 228013000000 228013000000 5 5 10000000000
TRIE 6 228013000000 236014000000 87 71 10000000000
TRIE 6 236014000000 244014000000 47 45 10000000000
TRIE 6 244014000000 252015000000 89 78 10000000000
TRIE 7 252015000000 312018000000 518 379 10000000000
TRIE 7 312018000000 340020000000 218 188 10000000000
TRIE 7 340020000000 360021000000 167 143 10000000000
TRIE 8 360021000000 396024000000 349 265 10000000000
TRIE 8 396024000000 428026000000 253 197 10000000000
TRIE 8 428026000000 460028000000 272 227 10000000000
TRIE 9 460028000000 524032000000 651 468 10000000000
TRIE 9 524032000000 620038000000 480 353 10000000000
TRIE 9 620038000000 652040000000 257 202 10000000000
TRIE 10 652040000000 700043000000 439 337 10000000000
TRIE 10 700043000000 780048000000 681 489 10000000000
TRIE 10 780048000000 868054000000 739 507 10000000000
TRIE 11 868054000000 928057000000 512 388 10000000000
TRIE 11 928057000000 1004062000000 513 379 10000000000
TRIE 11 1004062000000 1152071000000 1186 700 10000000000
TRIE 12 1152071000000 1268078000000 829 613 10000000000
TRIE 12 1268078000000 1400087000000 999 664 10000000000
TRIE 12 1400087000000 1480091000000 582 476 10000000000
TRIE 13 1480091000000 1704105000000 1333 851 10000000000
TRIE 13 1704105000000 1812113000000 823 623 10000000000
TRIE 13 1812113000000 1932120000000 951 695 10000000000
TRIE 14 1932120000000 2120132000000 1362 930 10000000000
TRIE 14 2120132000000 2260141000000 939 709 10000000000
TRIE 14 2260141000000 2428151000000 1421 844 10000000000
TRIE 15 2428151000000 2804174000000 2267 1315 10000000000
TRIE 15 2804174000000 3100193000000 1833 1229 10000000000
TRIE 15 3100193000000 3400212000000 1912 1162 10000000000
TRIE 16 3400212000000 3732233000000 2010 1266 10000000000
TRIE 16 3732233000000 4124257000000 1926 1342 10000000000
TRIE 16 4124257000000 4492280000000 2117 1386 10000000000
TRIE 17 4492280000000 4780298000000 1790 1166 10000000000
TRIE 17 4780298000000 5228326000000 1827 1363 10000000000
TRIE 17 5228326000000 5640352000000 2209 1482 10000000000
TRIE 18 5640352000000 5956371000000 1830 1252 10000000000
TRIE 18 5956371000000 6348396000000 2116 1396 10000000000
TRIE 18 6348396000000 6828426000000 2302 1541 10000000000
TRIE 19 6828426000000 7256452000000 2369 1509 10000000000
TRIE 19 7256452000000 7848489000000 2993 1891 10000000000
TRIE 19 7848489000000 8656540000000 4287 2197 10000000000
TRIE 20 8656540000000 9232576000000 2528 1782 10000000000
TRIE 20 9232576000000 9872616000000 2750 1764 10000000000
TRIE 20 9872616000000 10552659000000 3362 2079 10000000000
DATASTRUCTURE N START END SCORE WORDS_FOUND PRECISION
TRIE 2 0 184011000000 0 0 10000000000
TRIE 2 184011000000 188011000000 0 0 10000000000
TRIE 2 188011000000 188011000000 1 1 10000000000
TRIE 3 188011000000 192012000000 7 7 10000000000
TRIE 3 192012000000 196012000000 14 12 10000000000
TRIE 3 196012000000 196012000000 9 9 10000000000
TRIE 4 196012000000 204012000000 27 26 10000000000
TRIE 4 204012000000 204012000000 0 0 10000000000
TRIE 4 204012000000 208012000000 0 0 10000000000
TRIE 5 208012000000 212013000000 64 57 10000000000
TRIE 5 212013000000 220013000000 34 31 10000000000
TRIE 5 220013000000 224013000000 49 42 10000000000
TRIE 6 224013000000 248015000000 377 226 10000000000
TRIE 6 248015000000 264016000000 177 134 10000000000
TRIE 6 264016000000 284017000000 288 179 10000000000
TRIE 7 284017000000 300018000000 120 111 10000000000
TRIE 7 300018000000 304018000000 51 48 10000000000
TRIE 7 304018000000 316019000000 88 76 10000000000
TRIE 8 316019000000 352021000000 302 236 10000000000
TRIE 8 352021000000 396024000000 452 324 10000000000
TRIE 8 396024000000 416025000000 189 155 10000000000
TRIE 9 416025000000 472029000000 495 347 10000000000
TRIE 9 472029000000 564035000000 751 502 10000000000
TRIE 9 564035000000 656040000000 519 348 10000000000
TRIE 10 656040000000 732045000000 631 434 10000000000
TRIE 10 732045000000 808050000000 603 448 10000000000
TRIE 10 808050000000 832051000000 124 112 10000000000
TRIE 11 832051000000 896055000000 562 414 10000000000
TRIE 11 896055000000 1004062000000 745 531 10000000000
TRIE 11 1004062000000 1060065000000 437 321 10000000000
TRIE 12 1060065000000 1192074000000 1112 758 10000000000
TRIE 12 1192074000000 1356084000000 1150 724 10000000000
TRIE 12 1356084000000 1444089000000 640 504 10000000000
TRIE 13 1444089000000 1616100000000 1051 710 10000000000
TRIE 13 1616100000000 1756109000000 1043 746 10000000000
TRIE 13 1756109000000 1968123000000 1704 948 10000000000
TRIE 14 1968123000000 2128132000000 878 633 10000000000
TRIE 14 2128132000000 2212137000000 548 434 10000000000
TRIE 14 2212137000000 2304144000000 663 538 10000000000
TRIE 15 2304144000000 2444152000000 1001 701 10000000000
TRIE 15 2444152000000 2768172000000 1906 1283 10000000000
TRIE 15 2768172000000 2960185000000 1484 963 10000000000
TRIE 16 2960185000000 3236202000000 1723 1134 10000000000
TRIE 16 3236202000000 3452215000000 1445 1001 10000000000
TRIE 16 3452215000000 3676229000000 1472 945 10000000000
TRIE 17 3676229000000 3828239000000 862 700 10000000000
TRIE 17 3828239000000 4292267000000 2603 1631 10000000000
TRIE 17 4292267000000 4640289000000 1938 1300 10000000000
TRIE 18 4640289000000 5020313000000 2345 1408 10000000000
TRIE 18 5020313000000 5296330000000 1320 974 10000000000
TRIE 18 5296330000000 5892367000000 3217 1879 10000000000
TRIE 19 5892367000000 6316394000000 2056 1400 10000000000
TRIE 19 6316394000000 7012437000000 2963 1883 10000000000
TRIE 19 7012437000000 7468466000000 2420 1525 10000000000
TRIE 20 7468466000000 7760484000000 1485 1078 10000000000
TRIE 20 7760484000000 8232514000000 2482 1595 10000000000
TRIE 20 8232514000000 8828551000000 2553 1755 10000000000
